Players: 2 unsigned
0,501 0,000 0,000 0,000 0,000 0,000 0,000 0,000 0,000 0,000 0,000 0,000 0,000 
0,370 0,518 0,000 0,000 0,000 0,000 0,000 0,000 0,000 0,000 0,000 0,000 0,000 
0,259 0,269 0,520 0,000 0,000 0,000 0,000 0,000 0,000 0,000 0,000 0,000 0,000 
0,267 0,278 0,279 0,540 0,000 0,000 0,000 0,000 0,000 0,000 0,000 0,000 0,000 
0,272 0,428 0,422 0,281 0,541 0,000 0,000 0,000 0,000 0,000 0,000 0,000 0,000 
0,280 0,200 0,439 0,287 0,281 0,566 0,000 0,000 0,000 0,000 0,000 0,000 0,000 
0,419 0,280 0,473 0,425 0,299 0,295 0,572 0,000 0,000 0,000 0,000 0,000 0,000 
0,448 0,279 0,492 0,501 0,485 0,309 0,517 0,813 0,000 0,000 0,000 0,000 0,000 
0,278 0,285 0,472 0,250 0,471 0,541 0,543 0,553 0,604 0,000 0,000 0,000 0,000 
0,520 0,485 0,222 0,289 0,541 0,493 0,561 0,477 0,570 0,614 0,000 0,000 0,000 
0,501 0,505 0,506 0,559 0,500 0,582 0,621 0,598 0,632 0,586 0,842 0,000 0,000 
0,527 0,682 0,518 0,538 0,587 0,358 0,410 0,610 0,619 0,620 0,618 0,854 0,000 
0,443 0,501 0,436 0,508 0,522 0,446 0,454 0,542 0,526 0,528 0,532 0,536 0,844 

Players: 2 signed
0,000 0,000 0,000 0,000 0,000 0,000 0,000 0,000 0,000 0,000 0,000 0,000 0,000 
0,298 0,000 0,000 0,000 0,000 0,000 0,000 0,000 0,000 0,000 0,000 0,000 0,000 
0,237 0,306 0,000 0,000 0,000 0,000 0,000 0,000 0,000 0,000 0,000 0,000 0,000 
0,418 0,241 0,315 0,000 0,000 0,000 0,000 0,000 0,000 0,000 0,000 0,000 0,000 
0,312 0,245 0,316 0,464 0,000 0,000 0,000 0,000 0,000 0,000 0,000 0,000 0,000 
0,422 0,394 0,312 0,292 0,497 0,000 0,000 0,000 0,000 0,000 0,000 0,000 0,000 
0,323 0,243 0,327 0,499 0,339 0,511 0,000 0,000 0,000 0,000 0,000 0,000 0,000 
0,514 0,316 0,526 0,475 0,471 0,494 0,545 0,000 0,000 0,000 0,000 0,000 0,000 
0,544 0,483 0,495 0,547 0,508 0,548 0,566 0,538 0,000 0,000 0,000 0,000 0,000 
0,498 0,549 0,327 0,532 0,573 0,590 0,545 0,521 0,349 0,000 0,000 0,000 0,000 
0,232 0,320 0,568 0,588 0,339 0,540 0,600 0,545 0,540 0,619 0,000 0,000 0,000 
0,694 0,597 0,542 0,558 0,603 0,556 0,619 0,573 0,696 0,627 0,631 0,000 0,000 
0,469 0,674 0,475 0,473 0,534 0,534 0,564 0,495 0,514 0,548 0,554 0,548 0,000 

Players: 3 unsigned
0,020 0,000 0,000 0,000 0,000 0,000 0,000 0,000 0,000 0,000 0,000 0,000 0,000 
0,018 0,041 0,000 0,000 0,000 0,000 0,000 0,000 0,000 0,000 0,000 0,000 0,000 
0,024 0,020 0,076 0,000 0,000 0,000 0,000 0,000 0,000 0,000 0,000 0,000 0,000 
0,100 0,086 0,075 0,281 0,000 0,000 0,000 0,000 0,000 0,000 0,000 0,000 0,000 
0,068 0,095 0,077 0,110 0,106 0,000 0,000 0,000 0,000 0,000 0,000 0,000 0,000 
0,053 0,092 0,079 0,114 0,189 0,259 0,000 0,000 0,000 0,000 0,000 0,000 0,000 
0,041 0,026 0,117 0,081 0,194 0,069 0,382 0,000 0,000 0,000 0,000 0,000 0,000 
0,147 0,082 0,092 0,103 0,116 0,195 0,099 0,416 0,000 0,000 0,000 0,000 0,000 
0,077 0,135 0,127 0,163 0,091 0,095 0,253 0,263 0,360 0,000 0,000 0,000 0,000 
0,132 0,182 0,147 0,236 0,247 0,264 0,266 0,184 0,164 0,494 0,000 0,000 0,000 
0,166 0,177 0,122 0,200 0,238 0,218 0,223 0,302 0,334 0,340 0,542 0,000 0,000 
0,176 0,184 0,323 0,272 0,083 0,234 0,222 0,256 0,307 0,365 0,370 0,602 0,000 
0,107 0,138 0,126 0,110 0,182 0,301 0,208 0,128 0,270 0,280 0,295 0,345 0,609 

Players: 3 signed
0,000 0,000 0,000 0,000 0,000 0,000 0,000 0,000 0,000 0,000 0,000 0,000 0,000 
0,032 0,000 0,000 0,000 0,000 0,000 0,000 0,000 0,000 0,000 0,000 0,000 0,000 
0,050 0,146 0,000 0,000 0,000 0,000 0,000 0,000 0,000 0,000 0,000 0,000 0,000 
0,041 0,053 0,049 0,000 0,000 0,000 0,000 0,000 0,000 0,000 0,000 0,000 0,000 
0,047 0,127 0,080 0,069 0,000 0,000 0,000 0,000 0,000 0,000 0,000 0,000 0,000 
0,058 0,059 0,150 0,069 0,151 0,000 0,000 0,000 0,000 0,000 0,000 0,000 0,000 
0,140 0,167 0,112 0,135 0,180 0,128 0,000 0,000 0,000 0,000 0,000 0,000 0,000 
0,148 0,132 0,100 0,113 0,080 0,238 0,261 0,000 0,000 0,000 0,000 0,000 0,000 
0,178 0,154 0,136 0,199 0,143 0,183 0,283 0,304 0,000 0,000 0,000 0,000 0,000 
0,170 0,207 0,215 0,228 0,145 0,222 0,297 0,301 0,221 0,000 0,000 0,000 0,000 
0,052 0,207 0,207 0,248 0,214 0,302 0,260 0,260 0,317 0,325 0,000 0,000 0,000 
0,219 0,178 0,238 0,235 0,295 0,234 0,252 0,318 0,251 0,303 0,403 0,000 0,000 
0,193 0,152 0,109 0,214 0,234 0,291 0,304 0,226 0,201 0,384 0,268 0,354 0,000 

Players: 4 unsigned
0,012 0,000 0,000 0,000 0,000 0,000 0,000 0,000 0,000 0,000 0,000 0,000 0,000 
0,010 0,023 0,000 0,000 0,000 0,000 0,000 0,000 0,000 0,000 0,000 0,000 0,000 
0,027 0,038 0,031 0,000 0,000 0,000 0,000 0,000 0,000 0,000 0,000 0,000 0,000 
0,007 0,018 0,020 0,115 0,000 0,000 0,000 0,000 0,000 0,000 0,000 0,000 0,000 
0,012 0,019 0,030 0,051 0,123 0,000 0,000 0,000 0,000 0,000 0,000 0,000 0,000 
0,016 0,047 0,051 0,026 0,031 0,065 0,000 0,000 0,000 0,000 0,000 0,000 0,000 
0,022 0,044 0,076 0,026 0,036 0,080 0,097 0,000 0,000 0,000 0,000 0,000 0,000 
0,048 0,045 0,013 0,082 0,036 0,080 0,122 0,106 0,000 0,000 0,000 0,000 0,000 
0,073 0,071 0,015 0,068 0,080 0,054 0,124 0,124 0,214 0,000 0,000 0,000 0,000 
0,064 0,068 0,019 0,068 0,042 0,052 0,129 0,192 0,084 0,295 0,000 0,000 0,000 
0,028 0,104 0,080 0,096 0,138 0,118 0,124 0,087 0,135 0,209 0,356 0,000 0,000 
0,010 0,089 0,093 0,105 0,118 0,151 0,134 0,142 0,209 0,224 0,245 0,404 0,000 
0,074 0,056 0,087 0,056 0,094 0,080 0,113 0,176 0,110 0,178 0,195 0,166 0,402 

Players: 4 signed
0,000 0,000 0,000 0,000 0,000 0,000 0,000 0,000 0,000 0,000 0,000 0,000 0,000 
0,037 0,000 0,000 0,000 0,000 0,000 0,000 0,000 0,000 0,000 0,000 0,000 0,000 
0,029 0,040 0,000 0,000 0,000 0,000 0,000 0,000 0,000 0,000 0,000 0,000 0,000 
0,052 0,080 0,070 0,000 0,000 0,000 0,000 0,000 0,000 0,000 0,000 0,000 0,000 
0,037 0,031 0,051 0,043 0,000 0,000 0,000 0,000 0,000 0,000 0,000 0,000 0,000 
0,032 0,089 0,040 0,093 0,086 0,000 0,000 0,000 0,000 0,000 0,000 0,000 0,000 
0,083 0,046 0,085 0,051 0,053 0,082 0,000 0,000 0,000 0,000 0,000 0,000 0,000 
0,086 0,056 0,104 0,084 0,096 0,060 0,138 0,000 0,000 0,000 0,000 0,000 0,000 
0,038 0,104 0,102 0,098 0,146 0,103 0,077 0,134 0,000 0,000 0,000 0,000 0,000 
0,137 0,048 0,094 0,114 0,190 0,149 0,178 0,192 0,150 0,000 0,000 0,000 0,000 
0,119 0,100 0,115 0,069 0,161 0,131 0,146 0,124 0,180 0,121 0,000 0,000 0,000 
0,125 0,086 0,140 0,066 0,172 0,152 0,129 0,174 0,204 0,207 0,268 0,000 0,000 
0,096 0,114 0,111 0,144 0,130 0,122 0,128 0,178 0,155 0,203 0,256 0,294 0,000 

Players: 5 unsigned
0,001 0,000 0,000 0,000 0,000 0,000 0,000 0,000 0,000 0,000 0,000 0,000 0,000 
0,001 0,004 0,000 0,000 0,000 0,000 0,000 0,000 0,000 0,000 0,000 0,000 0,000 
0,001 0,001 0,005 0,000 0,000 0,000 0,000 0,000 0,000 0,000 0,000 0,000 0,000 
0,001 0,001 0,006 0,002 0,000 0,000 0,000 0,000 0,000 0,000 0,000 0,000 0,000 
0,002 0,004 0,003 0,012 0,004 0,000 0,000 0,000 0,000 0,000 0,000 0,000 0,000 
0,003 0,001 0,006 0,006 0,016 0,020 0,000 0,000 0,000 0,000 0,000 0,000 0,000 
0,002 0,004 0,016 0,009 0,025 0,008 0,034 0,000 0,000 0,000 0,000 0,000 0,000 
0,007 0,025 0,005 0,023 0,008 0,011 0,024 0,039 0,000 0,000 0,000 0,000 0,000 
0,013 0,016 0,010 0,014 0,029 0,028 0,030 0,028 0,048 0,000 0,000 0,000 0,000 
0,015 0,016 0,016 0,016 0,012 0,043 0,062 0,027 0,079 0,112 0,000 0,000 0,000 
0,021 0,018 0,020 0,017 0,040 0,046 0,046 0,033 0,071 0,073 0,100 0,000 0,000 
0,015 0,008 0,033 0,022 0,017 0,032 0,072 0,069 0,070 0,114 0,130 0,145 0,000 
0,016 0,017 0,022 0,034 0,027 0,034 0,044 0,083 0,050 0,046 0,112 0,150 0,216 

Players: 5 signed
0,000 0,000 0,000 0,000 0,000 0,000 0,000 0,000 0,000 0,000 0,000 0,000 0,000 
0,010 0,000 0,000 0,000 0,000 0,000 0,000 0,000 0,000 0,000 0,000 0,000 0,000 
0,005 0,010 0,000 0,000 0,000 0,000 0,000 0,000 0,000 0,000 0,000 0,000 0,000 
0,007 0,012 0,011 0,000 0,000 0,000 0,000 0,000 0,000 0,000 0,000 0,000 0,000 
0,009 0,013 0,006 0,008 0,000 0,000 0,000 0,000 0,000 0,000 0,000 0,000 0,000 
0,008 0,011 0,008 0,011 0,011 0,000 0,000 0,000 0,000 0,000 0,000 0,000 0,000 
0,010 0,014 0,011 0,032 0,016 0,025 0,000 0,000 0,000 0,000 0,000 0,000 0,000 
0,017 0,020 0,013 0,025 0,013 0,038 0,061 0,000 0,000 0,000 0,000 0,000 0,000 
0,020 0,032 0,016 0,030 0,053 0,041 0,047 0,049 0,000 0,000 0,000 0,000 0,000 
0,024 0,027 0,035 0,052 0,068 0,033 0,046 0,100 0,100 0,000 0,000 0,000 0,000 
0,033 0,052 0,059 0,050 0,039 0,040 0,071 0,071 0,104 0,130 0,000 0,000 0,000 
0,048 0,061 0,052 0,028 0,048 0,047 0,073 0,079 0,096 0,151 0,164 0,000 0,000 
0,059 0,056 0,035 0,059 0,098 0,056 0,107 0,148 0,124 0,123 0,169 0,185 0,000 

Players: 6 unsigned
0,001 0,000 0,000 0,000 0,000 0,000 0,000 0,000 0,000 0,000 0,000 0,000 0,000 
0,001 0,000 0,000 0,000 0,000 0,000 0,000 0,000 0,000 0,000 0,000 0,000 0,000 
0,001 0,000 0,001 0,000 0,000 0,000 0,000 0,000 0,000 0,000 0,000 0,000 0,000 
0,000 0,000 0,001 0,005 0,000 0,000 0,000 0,000 0,000 0,000 0,000 0,000 0,000 
0,000 0,004 0,002 0,000 0,011 0,000 0,000 0,000 0,000 0,000 0,000 0,000 0,000 
0,001 0,000 0,002 0,006 0,005 0,011 0,000 0,000 0,000 0,000 0,000 0,000 0,000 
0,004 0,003 0,004 0,000 0,008 0,015 0,013 0,000 0,000 0,000 0,000 0,000 0,000 
0,007 0,002 0,003 0,006 0,006 0,014 0,014 0,031 0,000 0,000 0,000 0,000 0,000 
0,003 0,004 0,005 0,009 0,015 0,009 0,009 0,010 0,024 0,000 0,000 0,000 0,000 
0,003 0,007 0,009 0,007 0,028 0,012 0,022 0,021 0,051 0,066 0,000 0,000 0,000 
0,024 0,007 0,012 0,018 0,029 0,025 0,040 0,038 0,036 0,050 0,107 0,000 0,000 
0,013 0,008 0,012 0,027 0,009 0,021 0,066 0,043 0,064 0,093 0,043 0,136 0,000 
0,008 0,013 0,022 0,024 0,013 0,014 0,028 0,027 0,057 0,055 0,071 0,083 0,148 

Players: 6 signed
0,000 0,000 0,000 0,000 0,000 0,000 0,000 0,000 0,000 0,000 0,000 0,000 0,000 
0,006 0,000 0,000 0,000 0,000 0,000 0,000 0,000 0,000 0,000 0,000 0,000 0,000 
0,006 0,005 0,000 0,000 0,000 0,000 0,000 0,000 0,000 0,000 0,000 0,000 0,000 
0,005 0,008 0,008 0,000 0,000 0,000 0,000 0,000 0,000 0,000 0,000 0,000 0,000 
0,009 0,007 0,009 0,007 0,000 0,000 0,000 0,000 0,000 0,000 0,000 0,000 0,000 
0,010 0,008 0,009 0,008 0,008 0,000 0,000 0,000 0,000 0,000 0,000 0,000 0,000 
0,010 0,012 0,013 0,009 0,012 0,008 0,000 0,000 0,000 0,000 0,000 0,000 0,000 
0,010 0,014 0,011 0,016 0,030 0,016 0,032 0,000 0,000 0,000 0,000 0,000 0,000 
0,019 0,013 0,014 0,018 0,013 0,023 0,025 0,035 0,000 0,000 0,000 0,000 0,000 
0,014 0,030 0,019 0,017 0,030 0,033 0,028 0,052 0,016 0,000 0,000 0,000 0,000 
0,021 0,025 0,027 0,043 0,038 0,032 0,053 0,034 0,056 0,081 0,000 0,000 0,000 
0,034 0,032 0,035 0,028 0,043 0,051 0,087 0,075 0,089 0,097 0,138 0,000 0,000 
0,044 0,038 0,049 0,052 0,039 0,058 0,064 0,073 0,089 0,089 0,139 0,142 0,000 

Players: 7 unsigned
0,000 0,000 0,000 0,000 0,000 0,000 0,000 0,000 0,000 0,000 0,000 0,000 0,000 
0,000 0,000 0,000 0,000 0,000 0,000 0,000 0,000 0,000 0,000 0,000 0,000 0,000 
0,000 0,000 0,000 0,000 0,000 0,000 0,000 0,000 0,000 0,000 0,000 0,000 0,000 
0,003 0,000 0,000 0,001 0,000 0,000 0,000 0,000 0,000 0,000 0,000 0,000 0,000 
0,001 0,000 0,000 0,001 0,002 0,000 0,000 0,000 0,000 0,000 0,000 0,000 0,000 
0,002 0,002 0,001 0,001 0,002 0,003 0,000 0,000 0,000 0,000 0,000 0,000 0,000 
0,000 0,001 0,003 0,001 0,001 0,001 0,005 0,000 0,000 0,000 0,000 0,000 0,000 
0,006 0,000 0,001 0,003 0,004 0,008 0,004 0,010 0,000 0,000 0,000 0,000 0,000 
0,002 0,003 0,005 0,002 0,002 0,004 0,013 0,014 0,018 0,000 0,000 0,000 0,000 
0,002 0,006 0,003 0,012 0,010 0,008 0,013 0,009 0,016 0,046 0,000 0,000 0,000 
0,005 0,005 0,012 0,006 0,006 0,010 0,012 0,026 0,024 0,013 0,050 0,000 0,000 
0,008 0,008 0,011 0,010 0,011 0,012 0,026 0,020 0,023 0,061 0,043 0,066 0,000 
0,005 0,015 0,010 0,015 0,002 0,015 0,019 0,019 0,029 0,040 0,049 0,053 0,102 

Players: 7 signed
0,000 0,000 0,000 0,000 0,000 0,000 0,000 0,000 0,000 0,000 0,000 0,000 0,000 
0,001 0,000 0,000 0,000 0,000 0,000 0,000 0,000 0,000 0,000 0,000 0,000 0,000 
0,002 0,001 0,000 0,000 0,000 0,000 0,000 0,000 0,000 0,000 0,000 0,000 0,000 
0,002 0,006 0,004 0,000 0,000 0,000 0,000 0,000 0,000 0,000 0,000 0,000 0,000 
0,003 0,005 0,002 0,004 0,000 0,000 0,000 0,000 0,000 0,000 0,000 0,000 0,000 
0,004 0,005 0,005 0,006 0,007 0,000 0,000 0,000 0,000 0,000 0,000 0,000 0,000 
0,008 0,006 0,008 0,006 0,007 0,009 0,000 0,000 0,000 0,000 0,000 0,000 0,000 
0,004 0,006 0,005 0,007 0,008 0,005 0,013 0,000 0,000 0,000 0,000 0,000 0,000 
0,015 0,012 0,006 0,009 0,019 0,014 0,020 0,011 0,000 0,000 0,000 0,000 0,000 
0,014 0,015 0,017 0,020 0,013 0,022 0,024 0,024 0,032 0,000 0,000 0,000 0,000 
0,017 0,014 0,016 0,019 0,021 0,032 0,034 0,038 0,029 0,041 0,000 0,000 0,000 
0,026 0,025 0,035 0,036 0,026 0,041 0,041 0,030 0,068 0,056 0,099 0,000 0,000 
0,031 0,041 0,039 0,042 0,042 0,047 0,042 0,042 0,042 0,093 0,082 0,115 0,000 

Players: 8 unsigned
0,000 0,000 0,000 0,000 0,000 0,000 0,000 0,000 0,000 0,000 0,000 0,000 0,000 
0,000 0,000 0,000 0,000 0,000 0,000 0,000 0,000 0,000 0,000 0,000 0,000 0,000 
0,000 0,000 0,000 0,000 0,000 0,000 0,000 0,000 0,000 0,000 0,000 0,000 0,000 
0,000 0,000 0,000 0,001 0,000 0,000 0,000 0,000 0,000 0,000 0,000 0,000 0,000 
0,000 0,000 0,001 0,000 0,001 0,000 0,000 0,000 0,000 0,000 0,000 0,000 0,000 
0,001 0,001 0,000 0,001 0,003 0,002 0,000 0,000 0,000 0,000 0,000 0,000 0,000 
0,000 0,000 0,001 0,002 0,000 0,001 0,001 0,000 0,000 0,000 0,000 0,000 0,000 
0,002 0,000 0,000 0,001 0,002 0,002 0,004 0,007 0,000 0,000 0,000 0,000 0,000 
0,001 0,004 0,000 0,002 0,001 0,000 0,004 0,001 0,022 0,000 0,000 0,000 0,000 
0,003 0,002 0,001 0,004 0,005 0,002 0,003 0,004 0,010 0,017 0,000 0,000 0,000 
0,004 0,000 0,002 0,006 0,003 0,003 0,003 0,007 0,016 0,018 0,032 0,000 0,000 
0,004 0,004 0,005 0,006 0,008 0,007 0,006 0,020 0,015 0,025 0,040 0,043 0,000 
0,005 0,008 0,008 0,013 0,011 0,016 0,007 0,025 0,017 0,021 0,035 0,054 0,046 

Players: 8 signed
0,000 0,000 0,000 0,000 0,000 0,000 0,000 0,000 0,000 0,000 0,000 0,000 0,000 
0,001 0,000 0,000 0,000 0,000 0,000 0,000 0,000 0,000 0,000 0,000 0,000 0,000 
0,002 0,005 0,000 0,000 0,000 0,000 0,000 0,000 0,000 0,000 0,000 0,000 0,000 
0,004 0,003 0,003 0,000 0,000 0,000 0,000 0,000 0,000 0,000 0,000 0,000 0,000 
0,001 0,002 0,004 0,002 0,000 0,000 0,000 0,000 0,000 0,000 0,000 0,000 0,000 
0,004 0,005 0,004 0,003 0,003 0,000 0,000 0,000 0,000 0,000 0,000 0,000 0,000 
0,008 0,004 0,002 0,006 0,004 0,005 0,000 0,000 0,000 0,000 0,000 0,000 0,000 
0,006 0,004 0,004 0,009 0,004 0,008 0,010 0,000 0,000 0,000 0,000 0,000 0,000 
0,008 0,010 0,009 0,006 0,008 0,018 0,018 0,020 0,000 0,000 0,000 0,000 0,000 
0,010 0,005 0,004 0,013 0,014 0,017 0,024 0,023 0,012 0,000 0,000 0,000 0,000 
0,021 0,008 0,016 0,012 0,016 0,022 0,035 0,018 0,034 0,041 0,000 0,000 0,000 
0,009 0,009 0,030 0,013 0,023 0,022 0,037 0,024 0,035 0,039 0,064 0,000 0,000 
0,032 0,035 0,035 0,025 0,038 0,040 0,050 0,043 0,069 0,059 0,078 0,088 0,000 

Players: 9 unsigned
0,000 0,000 0,000 0,000 0,000 0,000 0,000 0,000 0,000 0,000 0,000 0,000 0,000 
0,000 0,000 0,000 0,000 0,000 0,000 0,000 0,000 0,000 0,000 0,000 0,000 0,000 
0,000 0,000 0,000 0,000 0,000 0,000 0,000 0,000 0,000 0,000 0,000 0,000 0,000 
0,000 0,000 0,000 0,000 0,000 0,000 0,000 0,000 0,000 0,000 0,000 0,000 0,000 
0,000 0,000 0,000 0,000 0,000 0,000 0,000 0,000 0,000 0,000 0,000 0,000 0,000 
0,000 0,000 0,001 0,000 0,000 0,000 0,000 0,000 0,000 0,000 0,000 0,000 0,000 
0,000 0,000 0,000 0,000 0,000 0,000 0,000 0,000 0,000 0,000 0,000 0,000 0,000 
0,001 0,000 0,000 0,000 0,002 0,001 0,001 0,002 0,000 0,000 0,000 0,000 0,000 
0,000 0,003 0,001 0,001 0,002 0,000 0,002 0,000 0,004 0,000 0,000 0,000 0,000 
0,004 0,000 0,000 0,000 0,002 0,002 0,001 0,002 0,002 0,005 0,000 0,000 0,000 
0,001 0,002 0,000 0,003 0,003 0,002 0,001 0,004 0,003 0,011 0,016 0,000 0,000 
0,003 0,004 0,002 0,002 0,004 0,003 0,002 0,007 0,006 0,012 0,022 0,023 0,000 
0,004 0,004 0,006 0,005 0,010 0,006 0,005 0,004 0,007 0,023 0,024 0,033 0,040 

Players: 9 signed
0,000 0,000 0,000 0,000 0,000 0,000 0,000 0,000 0,000 0,000 0,000 0,000 0,000 
0,000 0,000 0,000 0,000 0,000 0,000 0,000 0,000 0,000 0,000 0,000 0,000 0,000 
0,000 0,000 0,000 0,000 0,000 0,000 0,000 0,000 0,000 0,000 0,000 0,000 0,000 
0,000 0,000 0,000 0,000 0,000 0,000 0,000 0,000 0,000 0,000 0,000 0,000 0,000 
0,000 0,001 0,000 0,001 0,000 0,000 0,000 0,000 0,000 0,000 0,000 0,000 0,000 
0,000 0,002 0,001 0,001 0,000 0,000 0,000 0,000 0,000 0,000 0,000 0,000 0,000 
0,001 0,002 0,001 0,001 0,001 0,002 0,000 0,000 0,000 0,000 0,000 0,000 0,000 
0,003 0,001 0,006 0,003 0,002 0,006 0,004 0,000 0,000 0,000 0,000 0,000 0,000 
0,005 0,003 0,002 0,005 0,004 0,004 0,004 0,009 0,000 0,000 0,000 0,000 0,000 
0,002 0,003 0,001 0,005 0,005 0,006 0,006 0,010 0,011 0,000 0,000 0,000 0,000 
0,006 0,007 0,005 0,009 0,009 0,008 0,012 0,017 0,021 0,029 0,000 0,000 0,000 
0,003 0,005 0,008 0,011 0,011 0,011 0,014 0,014 0,022 0,029 0,035 0,000 0,000 
0,016 0,013 0,016 0,014 0,017 0,022 0,018 0,032 0,033 0,038 0,054 0,074 0,000 

Players: 10 unsigned
0,000 0,000 0,000 0,000 0,000 0,000 0,000 0,000 0,000 0,000 0,000 0,000 0,000 
0,000 0,000 0,000 0,000 0,000 0,000 0,000 0,000 0,000 0,000 0,000 0,000 0,000 
0,000 0,000 0,000 0,000 0,000 0,000 0,000 0,000 0,000 0,000 0,000 0,000 0,000 
0,000 0,000 0,000 0,000 0,000 0,000 0,000 0,000 0,000 0,000 0,000 0,000 0,000 
0,000 0,000 0,000 0,000 0,000 0,000 0,000 0,000 0,000 0,000 0,000 0,000 0,000 
0,000 0,000 0,000 0,000 0,000 0,000 0,000 0,000 0,000 0,000 0,000 0,000 0,000 
0,000 0,000 0,000 0,000 0,001 0,000 0,000 0,000 0,000 0,000 0,000 0,000 0,000 
0,000 0,001 0,000 0,001 0,001 0,001 0,001 0,002 0,000 0,000 0,000 0,000 0,000 
0,000 0,000 0,001 0,000 0,000 0,000 0,000 0,003 0,000 0,000 0,000 0,000 0,000 
0,000 0,001 0,001 0,000 0,000 0,002 0,000 0,002 0,001 0,003 0,000 0,000 0,000 
0,002 0,002 0,000 0,001 0,002 0,002 0,000 0,005 0,004 0,004 0,005 0,000 0,000 
0,003 0,004 0,004 0,004 0,002 0,002 0,002 0,003 0,006 0,006 0,010 0,016 0,000 
0,006 0,004 0,002 0,004 0,000 0,004 0,004 0,007 0,007 0,012 0,012 0,015 0,031 

Players: 10 signed
0,000 0,000 0,000 0,000 0,000 0,000 0,000 0,000 0,000 0,000 0,000 0,000 0,000 
0,000 0,000 0,000 0,000 0,000 0,000 0,000 0,000 0,000 0,000 0,000 0,000 0,000 
0,000 0,000 0,000 0,000 0,000 0,000 0,000 0,000 0,000 0,000 0,000 0,000 0,000 
0,000 0,000 0,000 0,000 0,000 0,000 0,000 0,000 0,000 0,000 0,000 0,000 0,000 
0,000 0,000 0,000 0,000 0,000 0,000 0,000 0,000 0,000 0,000 0,000 0,000 0,000 
0,000 0,001 0,000 0,001 0,001 0,000 0,000 0,000 0,000 0,000 0,000 0,000 0,000 
0,002 0,002 0,000 0,002 0,001 0,001 0,000 0,000 0,000 0,000 0,000 0,000 0,000 
0,002 0,001 0,002 0,001 0,001 0,003 0,001 0,000 0,000 0,000 0,000 0,000 0,000 
0,003 0,002 0,001 0,001 0,002 0,002 0,006 0,003 0,000 0,000 0,000 0,000 0,000 
0,004 0,005 0,002 0,006 0,001 0,002 0,008 0,008 0,013 0,000 0,000 0,000 0,000 
0,006 0,005 0,001 0,006 0,006 0,010 0,003 0,014 0,021 0,009 0,000 0,000 0,000 
0,006 0,007 0,007 0,009 0,010 0,004 0,019 0,015 0,021 0,025 0,041 0,000 0,000 
0,010 0,012 0,015 0,024 0,016 0,019 0,024 0,031 0,025 0,043 0,039 0,048 0,000 

