Players: 2 unsigned
0.747 0.000 0.000 0.000 0.000 0.000 0.000 0.000 0.000 0.000 0.000 0.000 0.000 
0.370 0.128 0.000 0.000 0.000 0.000 0.000 0.000 0.000 0.000 0.000 0.000 0.000 
0.201 0.189 0.946 0.000 0.000 0.000 0.000 0.000 0.000 0.000 0.000 0.000 0.000 
0.306 0.593 0.083 0.901 0.000 0.000 0.000 0.000 0.000 0.000 0.000 0.000 0.000 
0.738 0.609 0.025 0.352 0.720 0.000 0.000 0.000 0.000 0.000 0.000 0.000 0.000 
0.347 0.060 0.426 0.803 0.970 0.200 0.000 0.000 0.000 0.000 0.000 0.000 0.000 
0.449 0.673 0.404 0.082 0.816 0.897 0.885 0.000 0.000 0.000 0.000 0.000 0.000 
0.252 0.567 0.859 0.332 0.247 0.473 0.576 0.824 0.000 0.000 0.000 0.000 0.000 
0.625 0.176 0.295 0.701 0.424 0.508 0.843 0.333 0.197 0.000 0.000 0.000 0.000 
0.476 0.523 0.040 0.789 0.767 0.568 0.592 0.285 0.699 0.009 0.000 0.000 0.000 
0.948 0.488 0.322 0.469 0.750 0.755 0.159 0.609 0.969 0.400 0.379 0.000 0.000 
0.172 0.923 0.479 0.970 0.043 0.357 0.976 0.531 0.079 0.908 0.822 0.619 0.000 
0.209 0.566 0.242 0.535 0.215 0.151 0.357 0.117 0.152 0.861 0.557 0.883 0.944 

Players: 2 signed
0.000 0.000 0.000 0.000 0.000 0.000 0.000 0.000 0.000 0.000 0.000 0.000 0.000 
0.596 0.000 0.000 0.000 0.000 0.000 0.000 0.000 0.000 0.000 0.000 0.000 0.000 
0.731 0.579 0.000 0.000 0.000 0.000 0.000 0.000 0.000 0.000 0.000 0.000 0.000 
0.466 0.025 0.104 0.000 0.000 0.000 0.000 0.000 0.000 0.000 0.000 0.000 0.000 
0.494 0.876 0.431 0.990 0.000 0.000 0.000 0.000 0.000 0.000 0.000 0.000 0.000 
0.683 0.015 0.949 0.460 0.878 0.000 0.000 0.000 0.000 0.000 0.000 0.000 0.000 
0.206 0.557 0.692 0.962 0.390 0.048 0.000 0.000 0.000 0.000 0.000 0.000 0.000 
0.589 0.760 0.268 0.272 0.744 0.610 0.233 0.000 0.000 0.000 0.000 0.000 0.000 
0.689 0.465 0.926 0.111 0.813 0.077 0.319 0.024 0.000 0.000 0.000 0.000 0.000 
0.684 0.920 0.264 0.148 0.325 0.118 0.243 0.095 0.734 0.000 0.000 0.000 0.000 
0.006 0.728 0.081 0.691 0.875 0.314 0.952 0.237 0.084 0.647 0.000 0.000 0.000 
0.117 0.506 0.461 0.748 0.949 0.113 0.008 0.306 0.789 0.015 0.305 0.000 0.000 
0.272 0.047 0.024 0.061 0.482 0.028 0.166 0.264 0.805 0.595 0.109 0.060 0.000 

Players: 3 unsigned
0.042 0.000 0.000 0.000 0.000 0.000 0.000 0.000 0.000 0.000 0.000 0.000 0.000 
0.687 0.327 0.000 0.000 0.000 0.000 0.000 0.000 0.000 0.000 0.000 0.000 0.000 
0.314 0.939 0.617 0.000 0.000 0.000 0.000 0.000 0.000 0.000 0.000 0.000 0.000 
0.367 0.141 0.843 0.223 0.000 0.000 0.000 0.000 0.000 0.000 0.000 0.000 0.000 
0.580 0.348 0.760 0.873 0.527 0.000 0.000 0.000 0.000 0.000 0.000 0.000 0.000 
0.892 0.925 0.533 0.888 0.333 0.218 0.000 0.000 0.000 0.000 0.000 0.000 0.000 
0.792 0.924 0.807 0.251 0.297 0.193 0.566 0.000 0.000 0.000 0.000 0.000 0.000 
0.580 0.137 0.648 0.646 0.835 0.811 0.570 0.851 0.000 0.000 0.000 0.000 0.000 
0.700 0.394 0.114 0.457 0.592 0.513 0.119 0.444 0.366 0.000 0.000 0.000 0.000 
0.330 0.603 0.967 0.765 0.094 0.073 0.443 0.828 0.359 0.596 0.000 0.000 0.000 
0.946 0.496 0.197 0.346 0.965 0.374 0.588 0.072 0.321 0.438 0.557 0.000 0.000 
0.170 0.401 0.335 0.572 0.292 0.524 0.173 0.784 0.819 0.062 0.573 0.952 0.000 
0.626 0.426 0.466 0.766 0.384 0.289 0.286 0.932 0.384 0.164 0.919 0.111 0.164 

Players: 3 signed
0.000 0.000 0.000 0.000 0.000 0.000 0.000 0.000 0.000 0.000 0.000 0.000 0.000 
0.621 0.000 0.000 0.000 0.000 0.000 0.000 0.000 0.000 0.000 0.000 0.000 0.000 
0.635 0.023 0.000 0.000 0.000 0.000 0.000 0.000 0.000 0.000 0.000 0.000 0.000 
0.880 0.767 0.459 0.000 0.000 0.000 0.000 0.000 0.000 0.000 0.000 0.000 0.000 
0.724 0.875 0.521 0.475 0.000 0.000 0.000 0.000 0.000 0.000 0.000 0.000 0.000 
0.742 0.999 0.292 0.587 0.194 0.000 0.000 0.000 0.000 0.000 0.000 0.000 0.000 
0.860 0.050 0.791 0.574 0.587 0.637 0.000 0.000 0.000 0.000 0.000 0.000 0.000 
0.627 0.065 0.786 0.879 0.372 0.378 0.930 0.000 0.000 0.000 0.000 0.000 0.000 
0.649 0.939 0.770 0.301 0.205 0.650 0.140 0.954 0.000 0.000 0.000 0.000 0.000 
0.456 0.341 0.489 0.578 0.486 0.202 0.922 0.963 0.581 0.000 0.000 0.000 0.000 
0.287 0.382 0.422 0.618 0.252 0.784 0.136 0.868 0.530 0.767 0.000 0.000 0.000 
0.634 0.966 0.245 0.034 0.140 0.399 0.169 0.119 0.512 0.741 0.532 0.000 0.000 
0.633 0.667 0.297 0.329 0.407 0.135 0.306 0.312 0.933 0.922 0.987 0.412 0.000 

Players: 4 unsigned
0.700 0.000 0.000 0.000 0.000 0.000 0.000 0.000 0.000 0.000 0.000 0.000 0.000 
0.848 0.729 0.000 0.000 0.000 0.000 0.000 0.000 0.000 0.000 0.000 0.000 0.000 
0.424 0.839 0.107 0.000 0.000 0.000 0.000 0.000 0.000 0.000 0.000 0.000 0.000 
0.490 0.488 0.257 0.930 0.000 0.000 0.000 0.000 0.000 0.000 0.000 0.000 0.000 
0.974 0.329 0.692 0.735 0.227 0.000 0.000 0.000 0.000 0.000 0.000 0.000 0.000 
0.392 0.418 0.055 0.748 0.514 0.036 0.000 0.000 0.000 0.000 0.000 0.000 0.000 
0.817 0.990 0.922 0.289 0.610 0.788 0.109 0.000 0.000 0.000 0.000 0.000 0.000 
0.590 0.855 0.725 0.986 0.391 0.672 0.675 0.435 0.000 0.000 0.000 0.000 0.000 
0.703 0.150 0.722 0.954 0.198 0.826 0.139 0.464 0.605 0.000 0.000 0.000 0.000 
0.634 0.605 0.929 0.309 0.989 0.949 0.673 0.738 0.328 0.609 0.000 0.000 0.000 
0.595 0.388 0.735 0.087 0.259 0.831 0.555 0.401 0.107 0.199 0.171 0.000 0.000 
0.966 0.901 0.126 0.154 0.135 0.767 0.195 0.961 0.314 0.819 0.225 0.827 0.000 
0.332 0.690 0.828 0.352 0.739 0.032 0.601 0.105 0.323 0.555 0.339 0.169 0.510 

Players: 4 signed
0.000 0.000 0.000 0.000 0.000 0.000 0.000 0.000 0.000 0.000 0.000 0.000 0.000 
0.344 0.000 0.000 0.000 0.000 0.000 0.000 0.000 0.000 0.000 0.000 0.000 0.000 
0.503 0.021 0.000 0.000 0.000 0.000 0.000 0.000 0.000 0.000 0.000 0.000 0.000 
0.131 0.729 0.036 0.000 0.000 0.000 0.000 0.000 0.000 0.000 0.000 0.000 0.000 
0.464 0.723 0.349 0.273 0.000 0.000 0.000 0.000 0.000 0.000 0.000 0.000 0.000 
0.728 0.293 0.381 0.911 0.293 0.000 0.000 0.000 0.000 0.000 0.000 0.000 0.000 
0.817 0.062 0.814 0.102 0.555 0.290 0.000 0.000 0.000 0.000 0.000 0.000 0.000 
0.074 0.748 0.203 0.627 0.752 0.122 0.044 0.000 0.000 0.000 0.000 0.000 0.000 
0.492 0.293 0.097 0.647 0.339 0.048 0.635 0.948 0.000 0.000 0.000 0.000 0.000 
0.062 0.543 0.228 0.398 0.056 0.672 0.281 0.849 0.763 0.000 0.000 0.000 0.000 
0.466 0.386 0.456 0.348 0.515 0.202 0.474 0.816 0.500 0.266 0.000 0.000 0.000 
0.582 0.276 0.037 0.004 0.021 0.141 0.405 0.191 0.331 0.240 0.705 0.000 0.000 
0.518 0.076 0.922 0.097 0.981 0.703 0.070 0.466 0.836 0.679 0.616 0.729 0.000 

Players: 5 unsigned
0.380 0.000 0.000 0.000 0.000 0.000 0.000 0.000 0.000 0.000 0.000 0.000 0.000 
0.239 0.513 0.000 0.000 0.000 0.000 0.000 0.000 0.000 0.000 0.000 0.000 0.000 
0.019 0.998 0.578 0.000 0.000 0.000 0.000 0.000 0.000 0.000 0.000 0.000 0.000 
0.327 0.094 0.993 0.115 0.000 0.000 0.000 0.000 0.000 0.000 0.000 0.000 0.000 
0.761 0.439 0.346 0.283 0.663 0.000 0.000 0.000 0.000 0.000 0.000 0.000 0.000 
0.678 0.711 0.748 0.598 0.662 0.753 0.000 0.000 0.000 0.000 0.000 0.000 0.000 
0.845 0.455 0.993 0.518 0.420 0.070 0.536 0.000 0.000 0.000 0.000 0.000 0.000 
0.351 0.774 0.064 0.000 0.572 0.841 0.213 0.248 0.000 0.000 0.000 0.000 0.000 
0.706 0.154 0.059 0.928 0.998 0.526 0.206 0.110 0.719 0.000 0.000 0.000 0.000 
0.850 0.020 0.363 0.188 0.740 0.150 0.980 0.318 0.621 0.294 0.000 0.000 0.000 
0.390 0.799 0.349 0.634 0.575 0.537 0.848 0.858 0.266 0.673 0.280 0.000 0.000 
0.689 0.911 0.417 0.161 0.031 0.410 0.608 0.880 0.256 0.574 0.633 0.423 0.000 
0.762 0.911 0.756 0.168 0.494 0.433 0.776 0.261 0.491 0.098 0.733 0.311 0.193 

Players: 5 signed
0.000 0.000 0.000 0.000 0.000 0.000 0.000 0.000 0.000 0.000 0.000 0.000 0.000 
0.839 0.000 0.000 0.000 0.000 0.000 0.000 0.000 0.000 0.000 0.000 0.000 0.000 
0.366 0.836 0.000 0.000 0.000 0.000 0.000 0.000 0.000 0.000 0.000 0.000 0.000 
0.792 0.157 0.492 0.000 0.000 0.000 0.000 0.000 0.000 0.000 0.000 0.000 0.000 
0.000 0.110 0.164 0.324 0.000 0.000 0.000 0.000 0.000 0.000 0.000 0.000 0.000 
0.079 0.265 0.582 0.249 0.356 0.000 0.000 0.000 0.000 0.000 0.000 0.000 0.000 
0.214 0.981 0.083 0.190 0.976 0.829 0.000 0.000 0.000 0.000 0.000 0.000 0.000 
0.738 0.688 0.834 0.903 0.482 0.292 0.049 0.000 0.000 0.000 0.000 0.000 0.000 
0.634 0.210 0.684 0.435 0.918 0.444 0.423 0.482 0.000 0.000 0.000 0.000 0.000 
0.666 0.063 0.013 0.895 0.376 0.111 0.656 0.029 0.363 0.000 0.000 0.000 0.000 
0.404 0.604 0.046 0.622 0.698 0.547 0.041 0.949 0.114 0.179 0.000 0.000 0.000 
0.679 0.304 0.531 0.557 0.224 0.157 0.027 0.194 0.283 0.672 0.146 0.000 0.000 
0.381 0.788 0.898 0.585 0.879 0.525 0.687 0.296 0.962 0.035 0.798 0.124 0.000 

Players: 6 unsigned
0.476 0.000 0.000 0.000 0.000 0.000 0.000 0.000 0.000 0.000 0.000 0.000 0.000 
0.858 0.511 0.000 0.000 0.000 0.000 0.000 0.000 0.000 0.000 0.000 0.000 0.000 
0.998 0.733 0.615 0.000 0.000 0.000 0.000 0.000 0.000 0.000 0.000 0.000 0.000 
0.019 0.752 0.149 0.516 0.000 0.000 0.000 0.000 0.000 0.000 0.000 0.000 0.000 
0.912 0.036 0.850 0.338 0.213 0.000 0.000 0.000 0.000 0.000 0.000 0.000 0.000 
0.734 0.264 0.514 0.895 0.264 0.000 0.000 0.000 0.000 0.000 0.000 0.000 0.000 
0.228 0.878 0.408 0.243 0.513 0.620 0.975 0.000 0.000 0.000 0.000 0.000 0.000 
0.059 0.455 0.818 0.335 0.777 0.632 0.331 0.356 0.000 0.000 0.000 0.000 0.000 
0.516 0.385 0.394 0.839 0.227 0.576 0.982 0.350 0.534 0.000 0.000 0.000 0.000 
0.454 0.958 0.320 0.768 0.532 0.673 0.206 0.011 0.007 0.963 0.000 0.000 0.000 
0.430 0.227 0.466 0.918 0.587 0.175 0.274 0.018 0.787 0.952 0.464 0.000 0.000 
0.980 0.640 0.501 0.799 0.438 0.487 0.715 0.665 0.516 0.706 0.803 0.157 0.000 
0.292 0.699 0.473 0.122 0.134 0.822 0.560 0.096 0.049 0.847 0.233 0.948 0.966 

Players: 6 signed
0.000 0.000 0.000 0.000 0.000 0.000 0.000 0.000 0.000 0.000 0.000 0.000 0.000 
0.130 0.000 0.000 0.000 0.000 0.000 0.000 0.000 0.000 0.000 0.000 0.000 0.000 
0.092 0.042 0.000 0.000 0.000 0.000 0.000 0.000 0.000 0.000 0.000 0.000 0.000 
0.600 0.115 0.450 0.000 0.000 0.000 0.000 0.000 0.000 0.000 0.000 0.000 0.000 
0.760 0.157 0.999 0.963 0.000 0.000 0.000 0.000 0.000 0.000 0.000 0.000 0.000 
0.058 0.653 0.407 0.592 0.242 0.000 0.000 0.000 0.000 0.000 0.000 0.000 0.000 
0.615 0.693 0.863 0.567 0.609 0.867 0.000 0.000 0.000 0.000 0.000 0.000 0.000 
0.905 0.208 0.174 0.538 0.358 0.191 0.999 0.000 0.000 0.000 0.000 0.000 0.000 
0.756 0.222 0.023 0.079 0.743 0.205 0.173 0.857 0.000 0.000 0.000 0.000 0.000 
0.031 0.908 0.391 0.147 0.637 0.181 0.609 0.503 0.199 0.000 0.000 0.000 0.000 
0.927 0.108 0.974 0.200 0.646 0.078 0.500 0.392 0.492 0.025 0.000 0.000 0.000 
0.508 0.804 0.873 0.717 0.383 0.601 0.587 0.831 0.756 0.850 0.018 0.000 0.000 
0.130 0.320 0.811 0.536 0.035 0.921 0.917 0.532 0.792 0.568 0.293 0.299 0.000 

Players: 7 unsigned
0.866 0.000 0.000 0.000 0.000 0.000 0.000 0.000 0.000 0.000 0.000 0.000 0.000 
0.702 0.293 0.000 0.000 0.000 0.000 0.000 0.000 0.000 0.000 0.000 0.000 0.000 
0.437 0.749 0.852 0.000 0.000 0.000 0.000 0.000 0.000 0.000 0.000 0.000 0.000 
0.906 0.731 0.643 0.271 0.000 0.000 0.000 0.000 0.000 0.000 0.000 0.000 0.000 
0.061 0.006 0.162 0.520 0.960 0.000 0.000 0.000 0.000 0.000 0.000 0.000 0.000 
0.099 0.683 0.626 0.336 0.704 0.220 0.000 0.000 0.000 0.000 0.000 0.000 0.000 
0.652 0.784 0.207 0.271 0.644 0.457 0.634 0.000 0.000 0.000 0.000 0.000 0.000 
0.139 0.315 0.151 0.926 0.897 0.562 0.275 0.354 0.000 0.000 0.000 0.000 0.000 
0.739 0.027 0.403 0.967 0.461 0.740 0.026 0.081 0.553 0.000 0.000 0.000 0.000 
0.547 0.631 0.080 0.748 0.142 0.213 0.189 0.763 0.328 0.122 0.000 0.000 0.000 
0.295 0.523 0.561 0.156 0.253 0.255 0.103 0.750 0.098 0.608 0.781 0.000 0.000 
0.023 0.428 0.853 0.264 0.885 0.195 0.151 0.597 0.695 0.187 0.812 0.664 0.000 
0.570 0.743 0.286 0.404 0.927 0.106 0.204 0.951 0.027 0.586 0.674 0.487 0.928 

Players: 7 signed
0.000 0.000 0.000 0.000 0.000 0.000 0.000 0.000 0.000 0.000 0.000 0.000 0.000 
0.835 0.000 0.000 0.000 0.000 0.000 0.000 0.000 0.000 0.000 0.000 0.000 0.000 
0.559 0.542 0.000 0.000 0.000 0.000 0.000 0.000 0.000 0.000 0.000 0.000 0.000 
0.797 0.602 0.701 0.000 0.000 0.000 0.000 0.000 0.000 0.000 0.000 0.000 0.000 
0.255 0.437 0.236 0.186 0.000 0.000 0.000 0.000 0.000 0.000 0.000 0.000 0.000 
0.768 0.057 0.155 0.197 0.256 0.000 0.000 0.000 0.000 0.000 0.000 0.000 0.000 
0.849 0.523 0.488 0.065 0.168 0.971 0.000 0.000 0.000 0.000 0.000 0.000 0.000 
0.698 0.870 0.439 0.054 0.963 0.132 0.160 0.000 0.000 0.000 0.000 0.000 0.000 
0.500 0.753 0.171 0.224 0.584 0.564 0.928 0.061 0.000 0.000 0.000 0.000 0.000 
0.585 0.768 0.458 0.733 0.122 0.848 0.459 0.425 0.692 0.000 0.000 0.000 0.000 
0.157 0.316 0.143 0.002 0.667 0.106 0.623 0.289 0.387 0.628 0.000 0.000 0.000 
0.339 0.475 0.096 0.774 0.617 0.625 0.194 0.332 0.070 0.606 0.369 0.000 0.000 
0.166 0.820 0.550 0.104 0.414 0.428 0.746 0.397 0.533 0.270 0.824 0.677 0.000 

Players: 8 unsigned
0.368 0.000 0.000 0.000 0.000 0.000 0.000 0.000 0.000 0.000 0.000 0.000 0.000 
0.548 0.742 0.000 0.000 0.000 0.000 0.000 0.000 0.000 0.000 0.000 0.000 0.000 
0.908 0.792 0.468 0.000 0.000 0.000 0.000 0.000 0.000 0.000 0.000 0.000 0.000 
0.790 0.857 0.718 0.926 0.000 0.000 0.000 0.000 0.000 0.000 0.000 0.000 0.000 
0.518 0.082 0.393 0.674 0.760 0.000 0.000 0.000 0.000 0.000 0.000 0.000 0.000 
0.636 0.256 0.170 0.534 0.312 0.556 0.000 0.000 0.000 0.000 0.000 0.000 0.000 
0.284 0.797 0.387 0.489 0.608 0.979 0.764 0.000 0.000 0.000 0.000 0.000 0.000 
0.680 0.965 0.373 0.419 0.154 0.506 0.020 0.312 0.000 0.000 0.000 0.000 0.000 
0.476 0.105 0.990 0.245 0.690 0.781 0.429 0.386 0.952 0.000 0.000 0.000 0.000 
0.480 0.311 0.788 0.406 0.213 0.927 0.818 0.607 0.574 0.869 0.000 0.000 0.000 
0.967 0.215 0.629 0.329 0.685 0.287 0.648 0.115 0.861 0.715 0.247 0.000 0.000 
0.164 0.685 0.602 0.392 0.710 0.546 0.150 0.701 0.932 0.512 0.922 0.537 0.000 
0.828 0.911 0.480 0.580 0.158 0.542 0.629 0.434 0.243 0.690 0.781 0.871 0.117 

Players: 8 signed
0.000 0.000 0.000 0.000 0.000 0.000 0.000 0.000 0.000 0.000 0.000 0.000 0.000 
0.556 0.000 0.000 0.000 0.000 0.000 0.000 0.000 0.000 0.000 0.000 0.000 0.000 
0.089 0.001 0.000 0.000 0.000 0.000 0.000 0.000 0.000 0.000 0.000 0.000 0.000 
0.796 0.400 0.597 0.000 0.000 0.000 0.000 0.000 0.000 0.000 0.000 0.000 0.000 
0.844 0.376 0.925 0.541 0.000 0.000 0.000 0.000 0.000 0.000 0.000 0.000 0.000 
0.107 0.039 0.929 0.164 0.029 0.000 0.000 0.000 0.000 0.000 0.000 0.000 0.000 
0.161 0.219 0.263 0.608 0.901 0.879 0.000 0.000 0.000 0.000 0.000 0.000 0.000 
0.384 0.664 0.951 0.882 0.217 0.961 0.677 0.000 0.000 0.000 0.000 0.000 0.000 
0.151 0.287 0.469 0.083 0.397 0.025 0.155 0.812 0.000 0.000 0.000 0.000 0.000 
0.175 0.330 0.066 0.009 0.396 0.429 0.636 0.859 0.210 0.000 0.000 0.000 0.000 
0.349 0.003 0.253 0.952 0.156 0.499 0.119 0.099 0.740 0.018 0.000 0.000 0.000 
0.512 0.562 0.611 0.051 0.296 0.478 0.801 0.779 0.972 0.010 0.806 0.000 0.000 
0.017 0.592 0.054 0.936 0.479 0.151 0.155 0.971 0.461 0.720 0.034 0.227 0.000 

Players: 9 unsigned
0.047 0.000 0.000 0.000 0.000 0.000 0.000 0.000 0.000 0.000 0.000 0.000 0.000 
0.395 0.336 0.000 0.000 0.000 0.000 0.000 0.000 0.000 0.000 0.000 0.000 0.000 
0.942 0.674 0.913 0.000 0.000 0.000 0.000 0.000 0.000 0.000 0.000 0.000 0.000 
0.787 0.463 0.715 0.468 0.000 0.000 0.000 0.000 0.000 0.000 0.000 0.000 0.000 
0.839 0.695 0.759 0.927 0.910 0.000 0.000 0.000 0.000 0.000 0.000 0.000 0.000 
0.195 0.059 0.069 0.358 0.038 0.634 0.000 0.000 0.000 0.000 0.000 0.000 0.000 
0.540 0.380 0.895 0.766 0.225 0.307 0.476 0.000 0.000 0.000 0.000 0.000 0.000 
0.757 0.313 0.498 0.030 0.432 0.594 0.072 0.536 0.000 0.000 0.000 0.000 0.000 
0.120 0.664 0.506 0.677 0.678 0.443 0.187 0.926 0.764 0.000 0.000 0.000 0.000 
0.260 0.486 0.529 0.210 0.447 0.197 0.092 0.838 0.748 0.400 0.000 0.000 0.000 
0.959 0.210 0.133 0.028 0.844 0.708 0.060 0.165 0.846 0.063 0.408 0.000 0.000 
0.554 0.881 0.634 0.686 0.177 0.154 0.999 0.884 0.216 0.362 0.152 0.616 0.000 
0.793 0.503 0.563 0.235 0.149 0.930 0.384 0.849 0.361 0.003 0.462 0.890 0.231 

Players: 9 signed
0.000 0.000 0.000 0.000 0.000 0.000 0.000 0.000 0.000 0.000 0.000 0.000 0.000 
0.273 0.000 0.000 0.000 0.000 0.000 0.000 0.000 0.000 0.000 0.000 0.000 0.000 
0.283 0.779 0.000 0.000 0.000 0.000 0.000 0.000 0.000 0.000 0.000 0.000 0.000 
0.110 0.250 0.643 0.000 0.000 0.000 0.000 0.000 0.000 0.000 0.000 0.000 0.000 
0.857 0.160 0.157 0.599 0.000 0.000 0.000 0.000 0.000 0.000 0.000 0.000 0.000 
0.064 0.048 0.217 0.435 0.667 0.000 0.000 0.000 0.000 0.000 0.000 0.000 0.000 
0.093 0.237 0.207 0.694 0.169 0.026 0.000 0.000 0.000 0.000 0.000 0.000 0.000 
0.731 0.192 0.326 0.971 0.874 0.424 0.409 0.000 0.000 0.000 0.000 0.000 0.000 
0.261 0.900 0.718 0.790 0.854 0.460 0.871 0.010 0.000 0.000 0.000 0.000 0.000 
0.010 0.969 0.162 0.291 0.679 0.143 0.403 0.536 0.684 0.000 0.000 0.000 0.000 
0.057 0.515 0.846 0.513 0.758 0.386 0.136 0.181 0.620 0.847 0.000 0.000 0.000 
0.094 0.744 0.677 0.986 0.769 0.477 0.574 0.061 0.892 0.830 0.715 0.000 0.000 
0.196 0.122 0.633 0.207 0.433 0.791 0.499 0.071 0.123 0.676 0.239 0.899 0.000 

Players: 10 unsigned
0.632 0.000 0.000 0.000 0.000 0.000 0.000 0.000 0.000 0.000 0.000 0.000 0.000 
0.623 0.400 0.000 0.000 0.000 0.000 0.000 0.000 0.000 0.000 0.000 0.000 0.000 
0.396 0.617 0.822 0.000 0.000 0.000 0.000 0.000 0.000 0.000 0.000 0.000 0.000 
0.052 0.844 0.669 0.286 0.000 0.000 0.000 0.000 0.000 0.000 0.000 0.000 0.000 
0.484 0.380 0.040 0.138 0.224 0.000 0.000 0.000 0.000 0.000 0.000 0.000 0.000 
0.181 0.768 0.627 0.646 0.005 0.357 0.000 0.000 0.000 0.000 0.000 0.000 0.000 
0.729 0.967 0.760 0.159 0.226 0.811 0.421 0.000 0.000 0.000 0.000 0.000 0.000 
0.459 0.596 0.371 0.439 0.726 0.570 0.682 0.081 0.000 0.000 0.000 0.000 0.000 
0.552 0.542 0.419 0.365 0.152 0.324 0.212 0.548 0.122 0.000 0.000 0.000 0.000 
0.201 0.603 0.515 0.804 0.857 0.486 0.701 0.857 0.490 0.750 0.000 0.000 0.000 
0.138 0.337 0.825 0.852 0.069 0.789 0.728 0.055 0.861 0.376 0.155 0.000 0.000 
0.013 0.951 0.656 0.871 0.483 0.456 0.716 0.170 0.537 0.262 0.357 0.912 0.000 
0.991 0.210 0.575 0.040 0.136 0.169 0.078 0.092 0.028 0.186 0.429 0.248 0.196 

Players: 10 signed
0.000 0.000 0.000 0.000 0.000 0.000 0.000 0.000 0.000 0.000 0.000 0.000 0.000 
0.830 0.000 0.000 0.000 0.000 0.000 0.000 0.000 0.000 0.000 0.000 0.000 0.000 
0.747 0.809 0.000 0.000 0.000 0.000 0.000 0.000 0.000 0.000 0.000 0.000 0.000 
0.613 0.362 0.882 0.000 0.000 0.000 0.000 0.000 0.000 0.000 0.000 0.000 0.000 
0.545 0.145 0.186 0.108 0.000 0.000 0.000 0.000 0.000 0.000 0.000 0.000 0.000 
0.967 0.344 0.496 0.374 0.856 0.000 0.000 0.000 0.000 0.000 0.000 0.000 0.000 
0.481 0.957 0.853 0.639 0.585 0.441 0.000 0.000 0.000 0.000 0.000 0.000 0.000 
0.832 0.664 0.013 0.593 0.751 0.070 0.184 0.000 0.000 0.000 0.000 0.000 0.000 
0.253 0.237 0.860 0.932 0.502 0.628 0.134 0.236 0.000 0.000 0.000 0.000 0.000 
0.746 0.593 0.894 0.473 0.963 0.934 0.945 0.587 0.461 0.000 0.000 0.000 0.000 
0.727 0.367 0.949 0.961 0.353 0.698 0.422 0.388 0.418 0.604 0.000 0.000 0.000 
0.492 0.026 0.377 0.927 0.204 0.598 0.196 0.822 0.025 0.746 0.134 0.000 0.000 
0.250 0.835 0.081 0.155 0.517 0.837 0.672 0.872 0.622 0.706 0.389 0.120 0.000 

